P2: 2763.176803 0.000000 970.573255 0 0.000000 2946.604873 550.709977 0 0.000000 0.000000 1.000000 0